%YAML:1.0
dist: !!opencv-matrix
   rows: 5
   cols: 1
   dt: d
   data: [ -0.0896478972613, 2.15447450419, -0.0180168039142, -0.00803682976578, -7.17529132006 ]
