%YAML:1.0
K: !!opencv-matrix
   rows: 3
   cols: 3
   dt: d
   data: [ 978.026325973, 0.0, 462.777169598, 0.0, 984.935670861, 241.584647163, 0.0, 0.0, 1.0 ]
